# step [fs] | vol [Ang^3] | Temp [K] | lx, ly, lz [Ang] | xy, xz, yz [tilt factors]
0 13085.750865 300.000000 26.45074 22.90702 21.59694 13.22537 13.22537 7.63567
10 13088.823888 144.421525 26.45281 22.90879 21.59866 13.22640 13.22642 7.63629
20 13102.151423 58.914682 26.46184 22.91648 21.60602 13.23100 13.23094 7.63887
30 13110.664153 157.963129 26.46766 22.92149 21.61058 13.23412 13.23376 7.64040
40 13095.876675 158.010333 26.45763 22.91311 21.60228 13.22925 13.22845 7.63726
50 13080.232255 171.310124 26.44686 22.90395 21.59388 13.22385 13.22255 7.63387
60 13087.718091 171.079328 26.45176 22.90803 21.59840 13.22631 13.22452 7.63505
70 13107.161107 127.122000 26.46496 22.91934 21.60903 13.23291 13.23089 7.63872
80 13110.839125 168.136150 26.46775 22.92175 21.61054 13.23429 13.23236 7.63950
90 13091.247499 162.627066 26.45476 22.91055 21.59940 13.22793 13.22618 7.63587
100 13079.336825 143.665368 26.44644 22.90368 21.59301 13.22402 13.22229 7.63377
110 13094.856981 190.892284 26.45644 22.91262 21.60203 13.22922 13.22747 7.63709
120 13111.561529 169.718471 26.46758 22.92209 21.61155 13.23501 13.23345 7.64072
130 13104.876571 154.386784 26.46313 22.91821 21.60783 13.23297 13.23187 7.63977
140 13086.462938 175.945839 26.45064 22.90807 21.59721 13.22661 13.22609 7.63651
150 13084.274895 164.510943 26.44915 22.90733 21.59551 13.22523 13.22534 7.63643
160 13102.517866 186.379799 26.46164 22.91768 21.60565 13.23057 13.23134 7.64012
170 13111.964195 196.488897 26.46830 22.92225 21.61148 13.23333 13.23453 7.64167
180 13097.750868 169.602223 26.45891 22.91313 21.60431 13.22863 13.22970 7.63829
190 13083.784460 185.348826 26.44937 22.90480 21.59691 13.22424 13.22478 7.63487
200 13091.477843 195.142421 26.45444 22.90986 21.60069 13.22745 13.22741 7.63579
210 13108.786572 177.375022 26.46648 22.92079 21.60910 13.23415 13.23357 7.63888
220 13110.182007 187.974978 26.46802 22.92202 21.60899 13.23534 13.23421 7.63905
230 13093.232786 206.512160 26.45671 22.91171 21.59999 13.22984 13.22817 7.63556
240 13083.580657 199.005260 26.44965 22.90510 21.59606 13.22621 13.22402 7.63350
250 13097.220531 190.637665 26.45821 22.91255 21.60456 13.23014 13.22770 7.63623
260 13113.918630 204.869731 26.46956 22.92283 21.61313 13.23543 13.23324 7.63985
270 13107.298111 214.936343 26.46585 22.91999 21.60791 13.23328 13.23178 7.63917
280 13087.367495 213.037123 26.45295 22.90892 21.59601 13.22664 13.22600 7.63605
290 13085.713378 207.735074 26.45150 22.90763 21.59568 13.22591 13.22607 7.63633
300 13105.912979 204.466005 26.46409 22.91854 21.60844 13.23219 13.23305 7.64047
310 13117.227134 220.381955 26.47094 22.92452 21.61585 13.23540 13.23686 7.64270
320 13101.475561 224.160682 26.46049 22.91561 21.60682 13.22988 13.23177 7.63978
330 13083.308908 211.995268 26.44908 22.90591 21.59531 13.22389 13.22584 7.63650
340 13092.223459 230.018714 26.45589 22.91182 21.59889 13.22721 13.22857 7.63816
350 13113.923779 237.717981 26.47062 22.92448 21.61071 13.23494 13.23509 7.64156
360 13114.592506 227.531030 26.47049 22.92402 21.61235 13.23531 13.23423 7.64031
370 13094.084664 244.574138 26.45618 22.91073 21.60275 13.22821 13.22646 7.63500
380 13083.834555 254.045938 26.44946 22.90400 21.59766 13.22495 13.22282 7.63224
390 13099.859123 235.658447 26.46107 22.91386 21.60534 13.23117 13.22859 7.63524
400 13118.850656 234.487849 26.47459 22.92625 21.61392 13.23861 13.23564 7.63938
410 13111.895211 251.683080 26.46982 22.92326 21.60917 13.23696 13.23374 7.63880
420 13089.088386 258.065469 26.45363 22.90974 21.59752 13.22890 13.22563 7.63536
430 13085.980770 250.410464 26.45054 22.90672 21.59777 13.22643 13.22359 7.63606
440 13108.517537 256.081630 26.46479 22.91915 21.61159 13.23234 13.23046 7.64177
450 13121.869867 263.650164 26.47358 22.92736 21.61867 13.23572 13.23509 7.64535
460 13105.124528 260.987003 26.46311 22.91890 21.60760 13.22998 13.23058 7.64258
470 13084.794804 261.387840 26.45013 22.90866 21.59432 13.22364 13.22544 7.63830
480 13093.212040 261.864162 26.45589 22.91416 21.59832 13.22694 13.22976 7.63871
490 13117.815263 274.617568 26.47232 22.92715 21.61322 13.23545 13.23873 7.64171
500 13120.013099 282.299441 26.47342 22.92622 21.61682 13.23632 13.23919 7.64011
500 13120.013099 282.299441 26.47342 22.92622 21.61682 13.23632 13.23919 7.64011
510 13096.188166 276.250657 26.45732 22.91098 21.60506 13.22885 13.23044 7.63359
520 13084.058723 278.829859 26.45042 22.90397 21.59729 13.22602 13.22586 7.63017
530 13103.132898 277.354118 26.46505 22.91627 21.60521 13.23357 13.23186 7.63392
540 13124.315732 288.114124 26.47997 22.92994 21.61505 13.24081 13.23804 7.63881
550 13114.282656 303.142445 26.47224 22.92426 21.61019 13.23672 13.23312 7.63782
560 13088.028465 294.396184 26.45227 22.90786 21.59866 13.22686 13.22257 7.63375
570 13087.256742 295.518025 26.44969 22.90660 21.60068 13.22601 13.22171 7.63532
580 13113.721752 291.411383 26.46753 22.92276 21.61453 13.23554 13.23222 7.64310
590 13127.080499 283.522933 26.47809 22.93247 21.61875 13.24121 13.23952 7.64832
600 13107.072489 319.192946 26.46559 22.92255 21.60534 13.23447 13.23468 7.64603
610 13083.013798 306.454885 26.44863 22.90858 21.59267 13.22453 13.22672 7.64136
620 13093.514282 281.911350 26.45413 22.91267 21.60166 13.22552 13.22939 7.64152
630 13123.877431 323.810422 26.47404 22.92743 21.62154 13.23396 13.23894 7.64418
640 13124.927802 312.949408 26.47630 22.92626 21.62252 13.23400 13.23954 7.64112
650 13095.809495 286.952033 26.45939 22.90975 21.60391 13.22519 13.23049 7.63300
660 13083.554338 305.576423 26.45313 22.90424 21.59398 13.22273 13.22664 7.62886
670 13106.665359 306.496572 26.46890 22.91865 21.60565 13.23205 13.23362 7.63237
680 13129.142970 327.900609 26.48263 22.93136 21.61949 13.24089 13.23983 7.63698
690 13115.027522 330.707599 26.47154 22.92214 21.61398 13.23751 13.23402 7.63596
700 13086.265524 297.274994 26.45156 22.90514 21.59890 13.22912 13.22349 7.63335
710 13089.576832 311.394833 26.45398 22.90870 21.59903 13.23100 13.22382 7.63765
720 13119.431979 310.524561 26.47405 22.92881 21.61291 13.24105 13.23330 7.64689
730 13129.389283 322.170995 26.47998 22.93645 21.61727 13.24329 13.23626 7.65105
740 13103.079890 366.222255 26.46136 22.92089 21.60378 13.23262 13.22755 7.64618
750 13078.997911 328.685445 26.44464 22.90474 21.59293 13.22277 13.22063 7.63964
760 13096.753528 287.356079 26.45660 22.91255 21.60510 13.22715 13.22851 7.63989
770 13131.212948 289.690403 26.48046 22.93170 21.62435 13.23780 13.24264 7.64321
780 13128.947459 290.977376 26.48020 22.93177 21.62076 13.23746 13.24480 7.64001
790 13093.129152 348.087467 26.45718 22.91260 21.59859 13.22630 13.23456 7.63104
800 13075.866901 365.485244 26.44581 22.90214 21.58925 13.22089 13.22856 7.62641
810 13102.734951 281.371726 26.46338 22.91591 21.60626 13.23002 13.23562 7.63138
820 13136.442569 265.640954 26.48509 22.93448 21.62657 13.24130 13.24338 7.63899
830 13125.795992 327.474538 26.47735 22.92889 21.62061 13.23818 13.23604 7.63933
840 13083.764771 344.243902 26.44950 22.90587 21.59576 13.22551 13.21950 7.63447
850 13074.294067 312.069306 26.44362 22.90195 21.58862 13.22403 13.21505 7.63590
860 13113.397562 279.698288 26.46933 22.92575 21.60969 13.23845 13.22767 7.64575
870 13141.679608 286.568337 26.48708 22.94179 21.62667 13.24826 13.23738 7.65192
880 13115.162259 314.133682 26.46836 22.92484 21.61426 13.23824 13.22935 7.64604
890 13073.791432 307.027683 26.44058 22.89938 21.59270 13.22265 13.21736 7.63648
900 13081.685385 308.300091 26.44753 22.90360 21.59608 13.22417 13.22333 7.63619
910 13125.127621 329.485065 26.47921 22.92936 21.61755 13.23790 13.24160 7.64253
920 13135.169848 289.854408 26.48719 22.93582 21.62148 13.24020 13.24753 7.64216
930 13099.460110 255.338972 26.46253 22.91487 21.60254 13.22706 13.23631 7.63312
940 13075.782924 292.092199 26.44546 22.89981 21.59160 13.21852 13.22786 7.62733
950 13098.041974 305.149217 26.46028 22.91157 21.60514 13.22678 13.23483 7.63200
960 13129.521126 308.066204 26.48196 22.93024 21.62172 13.23931 13.24502 7.63977
970 13121.231044 316.086602 26.47653 22.92722 21.61534 13.23866 13.24102 7.64024
980 13086.567213 282.419204 26.45248 22.90867 21.59531 13.22838 13.22664 7.63538
990 13081.175968 281.076323 26.44739 22.90595 21.59313 13.22687 13.22118 7.63598
1000 13112.357795 300.895561 26.46729 22.92362 21.61167 13.23717 13.22864 7.64342
1000 13112.357795 300.895561 26.46729 22.92362 21.61167 13.23717 13.22864 7.64342
1010 13130.092147 273.065626 26.47932 22.93306 21.62215 13.24296 13.23315 7.64761
1020 13109.010342 288.453411 26.46590 22.91987 21.61081 13.23549 13.22612 7.64325
1030 13081.715932 297.627730 26.44830 22.90358 21.59552 13.22561 13.21829 7.63691
1040 13089.691631 264.328977 26.45451 22.90884 21.59865 13.22754 13.22355 7.63710
1050 13121.143468 286.821675 26.47622 22.92796 21.61475 13.23730 13.23734 7.64139
1060 13126.122209 287.039577 26.47955 22.93050 21.61784 13.23811 13.24198 7.64023
1070 13097.922373 276.100210 26.46037 22.91266 21.60384 13.22812 13.23476 7.63322
1080 13081.028252 325.020746 26.44884 22.90165 21.59576 13.22225 13.23024 7.62952
1090 13098.367177 294.515459 26.46043 22.91205 21.60510 13.22775 13.23579 7.63346
1100 13124.017086 254.236182 26.47762 22.92841 21.61793 13.23602 13.24309 7.63966
1110 13120.776809 308.866234 26.47522 22.92774 21.61517 13.23514 13.24035 7.64060
1120 13091.670351 305.488131 26.45508 22.91109 21.59933 13.22637 13.22877 7.63667
1130 13082.270763 268.014198 26.44780 22.90527 21.59525 13.22472 13.22340 7.63635
1140 13108.475201 300.853799 26.46468 22.92032 21.61051 13.23521 13.22997 7.64237
1150 13127.354651 305.529821 26.47743 22.93183 21.62035 13.24321 13.23511 7.64621
1160 13110.062106 284.789499 26.46640 22.92258 21.60958 13.23869 13.22945 7.64229
1170 13085.559009 285.539712 26.45058 22.90833 21.59552 13.23113 13.22209 7.63632
1180 13091.923783 274.934771 26.45553 22.91120 21.59928 13.23321 13.22532 7.63600
1190 13119.002693 298.232249 26.47412 22.92602 21.61476 13.24105 13.23533 7.63979
1200 13123.444225 316.912786 26.47721 22.92791 21.61779 13.24016 13.23753 7.63961
1210 13098.394499 287.208252 26.46068 22.91312 21.60393 13.22933 13.23002 7.63430
1220 13084.821811 303.450867 26.45183 22.90570 21.59576 13.22311 13.22669 7.63173
1230 13102.612950 298.491323 26.46361 22.91658 21.60524 13.22855 13.23406 7.63579
1240 13124.144695 268.553711 26.47774 22.92884 21.61763 13.23640 13.24240 7.64092
1250 13118.028038 325.806026 26.47329 22.92455 21.61523 13.23553 13.24044 7.64056
1260 13091.359360 334.654218 26.45504 22.90881 21.60100 13.22786 13.23053 7.63602
1270 13085.208979 282.617511 26.45076 22.90603 21.59696 13.22703 13.22687 7.63561
1280 13111.452332 312.897674 26.46811 22.92305 21.61003 13.23663 13.23346 7.64151
1290 13127.630432 317.342670 26.47808 22.93399 21.61824 13.24230 13.23628 7.64506
1300 13109.111935 280.862916 26.46470 22.92308 21.60893 13.23605 13.22773 7.64146
1310 13087.238165 307.630295 26.44993 22.90867 21.59850 13.22844 13.21896 7.63691
1320 13094.388765 325.713139 26.45579 22.91093 21.60339 13.23032 13.22127 7.63762
1330 13117.887502 306.521316 26.47313 22.92374 21.61589 13.23761 13.23053 7.64112
1340 13122.460215 297.659658 26.47704 22.92713 21.61703 13.23836 13.23426 7.64062
1350 13102.150935 313.647176 26.46302 22.91661 21.60493 13.23042 13.22958 7.63512
1360 13087.672294 340.887522 26.45253 22.90821 21.59753 13.22448 13.22667 7.63109
1370 13099.670438 311.879275 26.46044 22.91402 21.60539 13.22781 13.23243 7.63293
1380 13120.990745 265.291317 26.47524 22.92555 21.61757 13.23472 13.24060 7.63717
1390 13121.361744 305.291637 26.47606 22.92593 21.61716 13.23519 13.24080 7.63790
1400 13098.228458 351.027402 26.46062 22.91352 21.60332 13.22806 13.23205 7.63486
1410 13084.913628 311.102632 26.45106 22.90723 21.59510 13.22417 13.22557 7.63437
1420 13104.097271 275.244905 26.46291 22.91935 21.60564 13.23158 13.23007 7.64017
1430 13127.620585 311.385799 26.47766 22.93281 21.61967 13.24076 13.23683 7.64593
1440 13117.075311 317.038579 26.46996 22.92562 21.61537 13.23836 13.23276 7.64385
1450 13088.928475 287.336946 26.45145 22.90815 21.60054 13.23010 13.22343 7.63755
1460 13088.249421 334.221047 26.45237 22.90731 21.59946 13.23100 13.22397 7.63626
1470 13112.828295 337.791148 26.47010 22.92209 21.61158 13.23918 13.23312 7.63977
1480 13124.042024 276.051334 26.47775 22.92924 21.61707 13.24135 13.23762 7.64075
1490 13108.261334 298.626637 26.46624 22.91994 21.60923 13.23370 13.23270 7.63658
1500 13089.046203 318.582308 26.45233 22.90787 21.60028 13.22506 13.22618 7.63199
1500 13089.046203 318.582308 26.45233 22.90787 21.60028 13.22506 13.22618 7.63199
1510 13094.665804 295.809724 26.45624 22.91010 21.60425 13.22585 13.22818 7.63320
1520 13117.095318 301.095392 26.47243 22.92299 21.61586 13.23373 13.23638 7.63885
1530 13121.219382 299.116252 26.47607 22.92665 21.61624 13.23613 13.23839 7.64129
1540 13100.751090 302.848555 26.46206 22.91676 21.60326 13.23009 13.23154 7.63858
1550 13087.130620 311.376910 26.45165 22.91024 21.59544 13.22636 13.22653 7.63677
1560 13100.833697 289.888163 26.45948 22.91811 21.60423 13.23209 13.23031 7.63980
1570 13121.269774 294.787417 26.47276 22.92869 21.61710 13.24006 13.23607 7.64354
1580 13116.428877 298.275478 26.47040 22.92460 21.61491 13.23929 13.23356 7.64204
1590 13093.872900 283.951502 26.45674 22.91133 21.60138 13.23203 13.22552 7.63711
1600 13089.335528 289.691169 26.45458 22.90956 21.59733 13.23001 13.22379 7.63557
1610 13109.330258 278.187107 26.46762 22.92192 21.60800 13.23554 13.23038 7.63837
1620 13122.954101 304.676206 26.47550 22.92946 21.61691 13.23882 13.23492 7.63975
1630 13107.449588 335.440904 26.46415 22.91910 21.61039 13.23302 13.23038 7.63607
1640 13085.414192 275.510308 26.44966 22.90528 21.59890 13.22605 13.22472 7.63225
1650 13094.415848 255.808798 26.45713 22.91092 21.60235 13.22993 13.22981 7.63540
1660 13121.283119 311.505335 26.47647 22.92785 21.61488 13.23944 13.24021 7.64232
1670 13120.967324 318.194080 26.47601 22.92875 21.61389 13.23893 13.24013 7.64368
1680 13093.658209 283.454905 26.45584 22.91301 21.60017 13.22842 13.22939 7.63929
1690 13084.098091 260.712741 26.44791 22.90666 21.59686 13.22385 13.22390 7.63794
1700 13108.270478 286.892178 26.46459 22.91967 21.61085 13.23171 13.23064 7.64290
1710 13126.685898 324.064250 26.47849 22.92988 21.62022 13.23858 13.23664 7.64637
1720 13108.674993 306.223186 26.46738 22.91983 21.60909 13.23331 13.23055 7.64210
1730 13083.504151 274.951247 26.45060 22.90592 21.59438 13.22565 13.22210 7.63571
1740 13092.189947 281.538320 26.45612 22.91093 21.59948 13.22964 13.22591 7.63559
1750 13120.718286 285.704600 26.47473 22.92655 21.61660 13.23987 13.23697 7.63955
1760 13124.622115 273.483659 26.47701 22.92799 21.61981 13.24083 13.23938 7.63916
1770 13098.893970 289.468154 26.46030 22.91313 21.60506 13.23139 13.23155 7.63373
1780 13082.693155 317.077543 26.45065 22.90447 21.59437 13.22501 13.22684 7.63108
1790 13099.435205 300.992377 26.46224 22.91520 21.60242 13.22910 13.23248 7.63543
1800 13123.941978 274.301793 26.47746 22.93034 21.61611 13.23556 13.23987 7.64140
1810 13119.993098 297.449253 26.47297 22.92836 21.61513 13.23336 13.23754 7.64184
1820 13092.775916 314.778891 26.45313 22.91224 21.60166 13.22447 13.22749 7.63778
1830 13083.686189 294.204225 26.44660 22.90648 21.59742 13.22259 13.22372 7.63721
1840 13107.884839 295.478929 26.46390 22.92051 21.60998 13.23281 13.23151 7.64276
1850 13127.718091 308.264020 26.47856 22.93251 21.61938 13.24195 13.23797 7.64658
1860 13111.985837 304.099668 26.46868 22.92348 21.61004 13.23842 13.23223 7.64257
1870 13085.787143 292.090649 26.45109 22.90778 21.59600 13.22999 13.22277 7.63598
1880 13090.703250 290.619185 26.45407 22.91016 21.59943 13.23084 13.22404 7.63518
1890 13118.874003 314.228072 26.47323 22.92578 21.61551 13.23909 13.23399 7.63907
1900 13125.107626 324.453746 26.47846 22.92842 21.61902 13.23999 13.23769 7.63941
1910 13099.729870 287.079106 26.46207 22.91353 21.60462 13.22994 13.23110 7.63431
1920 13084.667659 272.734413 26.45158 22.90551 21.59590 13.22299 13.22755 7.63153
1930 13104.091358 303.486669 26.46386 22.91745 21.60666 13.22797 13.23504 7.63572
1940 13125.722822 338.705385 26.47749 22.93019 21.61915 13.23430 13.24250 7.64079
1950 13114.044311 336.915790 26.46905 22.92326 21.61335 13.23027 13.23795 7.63980
1960 13087.894724 278.433853 26.45175 22.90770 21.59901 13.22258 13.22800 7.63603
1970 13091.449297 266.530043 26.45492 22.90967 21.60043 13.22588 13.22781 7.63774
1980 13119.415743 333.136443 26.47417 22.92661 21.61485 13.23760 13.23556 7.64394
1990 13124.475413 340.901354 26.47728 22.93053 21.61695 13.24111 13.23526 7.64540
2000 13098.607723 301.195566 26.45886 22.91584 21.60321 13.23374 13.22492 7.64029
2000 13098.607723 301.195566 26.45886 22.91584 21.60321 13.23374 13.22492 7.64029
2010 13084.599310 288.184086 26.44870 22.90739 21.59636 13.23029 13.21984 7.63689
2020 13104.832079 300.332442 26.46291 22.91865 21.60751 13.23813 13.22740 7.63971
2030 13126.820203 311.586253 26.47897 22.93078 21.61920 13.24582 13.23607 7.64249
2040 13115.945530 309.525985 26.47247 22.92369 21.61327 13.24117 13.23376 7.63873
2050 13089.492918 317.419529 26.45482 22.90759 21.59924 13.22970 13.22574 7.63215
2060 13087.981579 329.789431 26.45351 22.90650 21.59885 13.22599 13.22582 7.63094
2070 13112.628318 302.589182 26.46956 22.92154 21.61221 13.23174 13.23509 7.63567
2080 13126.445698 283.151392 26.47840 22.93060 21.61922 13.23480 13.24102 7.63934
2090 13109.427509 308.914523 26.46666 22.92136 21.60947 13.22842 13.23625 7.63795
2100 13086.741605 325.605291 26.45104 22.90849 21.59695 13.22090 13.22868 7.63611
2110 13092.270446 314.466985 26.45453 22.91163 21.60026 13.22359 13.22986 7.64013
2120 13117.546590 289.058874 26.47152 22.92623 21.61429 13.23372 13.23737 7.64775
2130 13124.772446 277.753088 26.47586 22.93103 21.61813 13.23797 13.23818 7.65060
2140 13103.643862 303.091880 26.46087 22.91954 21.60639 13.23242 13.22891 7.64619
2150 13085.665442 307.512378 26.44903 22.90901 21.59632 13.22798 13.22135 7.64099
2160 13098.061832 302.049939 26.45862 22.91523 21.60307 13.23336 13.22504 7.64061
2170 13121.171094 314.407894 26.47534 22.92715 21.61628 13.24131 13.23303 7.64154
2180 13118.495680 288.926949 26.47431 22.92433 21.61537 13.24002 13.23319 7.63746
2190 13096.011426 277.693044 26.45931 22.91115 21.60298 13.23183 13.22737 7.63036
2200 13089.181866 316.006346 26.45436 22.90807 21.59866 13.22861 13.22716 7.62777
2210 13105.994160 313.711342 26.46559 22.91858 21.60731 13.23318 13.23494 7.63152
2220 13120.071448 293.443934 26.47518 22.92651 21.61520 13.23663 13.24111 7.63612
2230 13110.772851 303.005131 26.46891 22.92031 21.61085 13.23218 13.23843 7.63722
2240 13092.231024 291.303367 26.45617 22.90929 21.60106 13.22500 13.23202 7.63725
2250 13093.794617 285.495691 26.45644 22.91106 21.60175 13.22521 13.23170 7.64118
2260 13112.952421 305.966913 26.46823 22.92372 21.61178 13.23186 13.23646 7.64756
2270 13118.584431 291.851158 26.47117 22.92840 21.61424 13.23433 13.23632 7.64979
2280 13102.960369 272.859486 26.46049 22.91988 21.60525 13.23012 13.22935 7.64637
2290 13091.518554 297.294255 26.45343 22.91257 21.59903 13.22789 13.22439 7.64236
2300 13100.480381 299.635443 26.46041 22.91625 21.60464 13.23268 13.22686 7.64116
2310 13115.437941 285.297291 26.47123 22.92352 21.61361 13.23899 13.23163 7.64060
2320 13114.070434 288.354890 26.47105 22.92223 21.61272 13.23915 13.23112 7.63715
2330 13098.571123 293.142464 26.46137 22.91341 21.60339 13.23391 13.22627 7.63157
2340 13092.709611 296.506668 26.45754 22.91008 21.59998 13.23093 13.22506 7.62865
2350 13105.245242 295.152499 26.46530 22.91725 21.60757 13.23305 13.23009 7.63061
2360 13116.602480 295.368808 26.47220 22.92379 21.61448 13.23468 13.23500 7.63408
2370 13109.243727 296.934631 26.46696 22.91968 21.61051 13.23083 13.23423 7.63523
2380 13094.797102 288.864194 26.45719 22.91190 21.60200 13.22539 13.23121 7.63563
2390 13096.216646 291.246882 26.45779 22.91377 21.60209 13.22563 13.23283 7.63931
2400 13111.047563 298.181316 26.46677 22.92329 21.61024 13.23048 13.23774 7.64503
2410 13115.974128 289.058129 26.46897 22.92652 21.61351 13.23220 13.23813 7.64744
2420 13103.929584 303.343875 26.46054 22.91928 21.60737 13.22869 13.23213 7.64514
2430 13092.924141 302.533324 26.45379 22.91212 21.60148 13.22622 13.22653 7.64195
2440 13100.300962 272.703482 26.46037 22.91542 21.60516 13.23062 13.22764 7.64137
2450 13116.180479 301.007318 26.47312 22.92368 21.61315 13.23836 13.23221 7.64160
2460 13114.409391 321.387777 26.47309 22.92193 21.61190 13.24016 13.23151 7.63792
2470 13096.716691 301.253317 26.46110 22.91142 21.60243 13.23576 13.22615 7.63159
2480 13091.802813 298.287197 26.45753 22.90868 21.59982 13.23425 13.22577 7.62921
2490 13107.806133 273.237633 26.46824 22.91804 21.60865 13.23855 13.23289 7.63258
2500 13121.415453 276.094596 26.47705 22.92608 21.61629 13.24117 13.23922 7.63681
2500 13121.415453 276.094596 26.47705 22.92608 21.61629 13.24117 13.23922 7.63681
2510 13111.376225 327.011095 26.46961 22.92091 21.61070 13.23534 13.23732 7.63742
2520 13090.524119 316.793582 26.45451 22.90967 21.59923 13.22581 13.23107 7.63638
2530 13091.715083 298.324236 26.45411 22.91115 21.60014 13.22395 13.23107 7.63963
2540 13114.239608 305.208979 26.46830 22.92523 21.61242 13.22988 13.23748 7.64669
2550 13122.919960 296.983862 26.47361 22.93110 21.61685 13.23209 13.23916 7.65002
2560 13104.941679 298.245606 26.46161 22.92045 21.60706 13.22682 13.23215 7.64642
2570 13088.448905 305.421109 26.45117 22.90981 21.59841 13.22377 13.22598 7.64130
2580 13098.521660 320.766607 26.45892 22.91468 21.60411 13.23057 13.22906 7.64033
2590 13118.460632 308.607168 26.47351 22.92573 21.61464 13.24030 13.23553 7.64117
2600 13118.341615 274.366223 26.47466 22.92549 21.61375 13.24195 13.23469 7.63846
2610 13100.431614 323.070793 26.46319 22.91505 21.60343 13.23602 13.22724 7.63287
2620 13089.690216 355.434788 26.45551 22.90877 21.59790 13.23110 13.22235 7.62976
2630 13100.898474 289.005006 26.46215 22.91495 21.60514 13.23270 13.22563 7.63243
2640 13120.387629 277.183088 26.47458 22.92576 21.61692 13.23722 13.23292 7.63799
2650 13118.871138 307.016091 26.47326 22.92492 21.61630 13.23530 13.23442 7.64017
2660 13097.140370 295.821604 26.45841 22.91325 21.60360 13.22676 13.22959 7.63871
2670 13089.360931 313.145402 26.45271 22.91029 21.59820 13.22317 13.22924 7.63975
2680 13106.477878 335.043777 26.46358 22.92165 21.60685 13.22869 13.23678 7.64464
2690 13120.491771 313.212574 26.47232 22.92993 21.61501 13.23351 13.24213 7.64753
2700 13110.956891 283.870316 26.46528 22.92324 21.61135 13.23037 13.23803 7.64474
2710 13094.685358 269.894862 26.45459 22.91235 21.60351 13.22557 13.23092 7.64015
2720 13097.565473 314.174547 26.45824 22.91301 21.60466 13.22840 13.23035 7.63896
2730 13112.283508 342.811212 26.47010 22.92119 21.61153 13.23575 13.23367 7.63973
2740 13114.188625 303.733507 26.47221 22.92249 21.61173 13.23862 13.23237 7.63806
2750 13102.541666 289.505793 26.46409 22.91600 21.60528 13.23664 13.22673 7.63431
2760 13096.375305 305.169941 26.45909 22.91237 21.60261 13.23603 13.22372 7.63234
2770 13104.289966 300.118743 26.46347 22.91675 21.60795 13.23916 13.22613 7.63393
2780 13113.969252 301.005130 26.46962 22.92238 21.61358 13.24164 13.22985 7.63683
2790 13110.273238 307.997043 26.46765 22.92045 21.61092 13.23859 13.23004 7.63786
2800 13098.438359 311.621724 26.46064 22.91372 21.60347 13.23208 13.22798 7.63751
2810 13096.433205 307.531491 26.45970 22.91299 21.60162 13.22820 13.22876 7.63881
2820 13107.515618 289.531004 26.46624 22.92024 21.60773 13.22840 13.23337 7.64199
2830 13115.411639 287.238377 26.46969 22.92503 21.61340 13.22834 13.23692 7.64377
2840 13107.959392 297.180329 26.46324 22.92009 21.61105 13.22510 13.23548 7.64189
2850 13096.036266 301.439006 26.45517 22.91260 21.60503 13.22263 13.23255 7.63857
2860 13097.773326 301.722538 26.45786 22.91362 21.60474 13.22637 13.23385 7.63768
2870 13110.333735 289.086826 26.46844 22.92134 21.60953 13.23407 13.23753 7.63897
2880 13115.032325 263.280881 26.47238 22.92444 21.61114 13.23817 13.23660 7.63863
2890 13105.949907 297.183011 26.46520 22.91925 21.60692 13.23628 13.22960 7.63549
2900 13094.934667 340.002090 26.45630 22.91270 21.60220 13.23292 13.22202 7.63240
2910 13096.672256 281.298157 26.45672 22.91311 21.60433 13.23358 13.22004 7.63260
2920 13111.817658 264.913801 26.46727 22.92114 21.61312 13.23860 13.22443 7.63613
2930 13117.716449 326.181905 26.47274 22.92458 21.61514 13.24057 13.22793 7.63844
2940 13101.665739 300.311684 26.46373 22.91589 21.60423 13.23493 13.22592 7.63688
2950 13089.919056 275.080570 26.45598 22.90942 21.59728 13.22960 13.22572 7.63602
2960 13102.329917 307.208191 26.46218 22.91677 21.60575 13.23115 13.23277 7.63929
2970 13117.912815 286.855231 26.47004 22.92587 21.61645 13.23334 13.23972 7.64281
2980 13113.321469 283.542316 26.46610 22.92295 21.61485 13.22936 13.23911 7.64229
2990 13095.893494 304.984088 26.45589 22.91277 21.60405 13.22246 13.23396 7.63901
3000 13091.627200 291.135571 26.45581 22.91077 21.59896 13.22138 13.23270 7.63786
3000 13091.627200 291.135571 26.45581 22.91077 21.59896 13.22138 13.23270 7.63786
3010 13107.924123 290.223833 26.46868 22.92054 21.60612 13.22817 13.23697 7.64024
3020 13119.710440 289.305557 26.47600 22.92699 21.61350 13.23418 13.23825 7.64116
3030 13108.716323 294.542894 26.46630 22.91971 21.61015 13.23318 13.23134 7.63713
3040 13091.581868 305.490676 26.45314 22.90911 21.60264 13.23058 13.22303 7.63200
3050 13094.575276 280.033825 26.45548 22.91107 21.60382 13.23487 13.22289 7.63174
3060 13114.534017 299.014276 26.47082 22.92318 21.61277 13.24426 13.22992 7.63599
3070 13119.523544 314.654338 26.47648 22.92599 21.61374 13.24692 13.23277 7.63811
3080 13100.998887 275.562250 26.46450 22.91478 21.60354 13.23885 13.22734 7.63587
3090 13089.797880 296.952886 26.45456 22.90832 21.59928 13.23060 13.22343 7.63496
3100 13102.399586 321.026684 26.45987 22.91656 21.60795 13.22972 13.22775 7.63878
3110 13118.042870 293.671704 26.46903 22.92697 21.61645 13.23133 13.23468 7.64342
3120 13114.048888 289.453487 26.46733 22.92556 21.61258 13.22870 13.23658 7.64414
3130 13096.980922 300.229033 26.45836 22.91582 21.60095 13.22415 13.23467 7.64172
3140 13092.791308 305.362210 26.45757 22.91255 21.59776 13.22519 13.23590 7.64068
3150 13107.890066 302.207612 26.46723 22.91982 21.60793 13.23184 13.24072 7.64189
3160 13119.197012 293.594438 26.47252 22.92556 21.61683 13.23612 13.24168 7.64139
3170 13109.516333 317.623289 26.46485 22.92015 21.61224 13.23408 13.23497 7.63721
3180 13092.464784 323.901592 26.45467 22.91061 21.60143 13.23068 13.22621 7.63278
3190 13094.409323 287.711559 26.45812 22.91193 21.60057 13.23345 13.22438 7.63298
3200 13114.612117 291.590185 26.47294 22.92365 21.61074 13.24153 13.22985 7.63720
3210 13121.613928 322.736401 26.47740 22.92730 21.61519 13.24417 13.23222 7.63923
3220 13102.571249 319.376012 26.46273 22.91600 21.60644 13.23653 13.22641 7.63652
3230 13087.170548 285.434041 26.44986 22.90770 21.59936 13.22932 13.22258 7.63479
3240 13101.656556 277.074078 26.45854 22.91717 21.60724 13.23262 13.23003 7.63911
3250 13124.222067 310.542355 26.47464 22.93083 21.61841 13.23870 13.24038 7.64484
3260 13117.752589 324.413515 26.47203 22.92710 21.61339 13.23439 13.24016 7.64420
3270 13091.133535 306.897010 26.45518 22.91119 21.59827 13.22275 13.23185 7.63847
3280 13086.833304 293.059823 26.45176 22.90774 21.59721 13.21853 13.22923 7.63597
3290 13112.608453 308.847030 26.46790 22.92163 21.61345 13.22549 13.23578 7.63901
3300 13127.492668 331.506256 26.47770 22.92946 21.62260 13.23124 13.23943 7.64046
3310 13107.010255 304.369653 26.46518 22.91753 21.61031 13.22774 13.23233 7.63568
3320 13084.423438 273.913628 26.45194 22.90523 21.59546 13.22504 13.22478 7.63097
3330 13096.570676 310.303153 26.46098 22.91306 21.60074 13.23382 13.22830 7.63338
3340 13122.594134 333.512400 26.47708 22.92828 21.61614 13.24581 13.23552 7.63889
3350 13120.546846 310.510756 26.47389 22.92653 21.61702 13.24667 13.23296 7.63944
3360 13094.683861 297.861591 26.45629 22.91045 21.60392 13.23793 13.22282 7.63584
3370 13085.932086 300.905116 26.45121 22.90505 21.59872 13.23319 13.21924 7.63569
3380 13107.858373 290.970783 26.46622 22.91920 21.60928 13.23698 13.22678 7.64109
3390 13126.951798 281.583785 26.47834 22.93192 21.61886 13.23896 13.23435 7.64493
3400 13113.864180 306.440355 26.46836 22.92468 21.61227 13.23074 13.23237 7.64143
3410 13087.177585 326.100936 26.44961 22.90864 21.59868 13.21949 13.22708 7.63491
3420 13087.174910 301.605219 26.45006 22.90768 21.59923 13.21893 13.23150 7.63372
3430 13115.257171 286.442987 26.47063 22.92300 21.61429 13.22901 13.24467 7.63798
3440 13128.564412 302.606003 26.48123 22.93060 21.62040 13.23454 13.25053 7.63946
3450 13105.404170 299.471864 26.46614 22.91767 21.60674 13.22798 13.24136 7.63438
3460 13081.774467 287.510600 26.44942 22.90403 21.59427 13.22129 13.22968 7.62981
3470 13095.049627 304.028076 26.45685 22.91168 21.60290 13.22708 13.22888 7.63287
3480 13123.611814 308.147484 26.47528 22.92882 21.61878 13.23890 13.23341 7.63951
3490 13122.723211 292.942497 26.47546 22.92884 21.61715 13.24185 13.22978 7.64110
3500 13094.500858 291.111346 26.45766 22.91233 21.60073 13.23549 13.21896 7.63744
